2
3
2
2
2
2
1
2
3
4
20
5
2
12
4
5
2
2
2
4
8
7
4
3
3
6
3
2
2
2
3
2
2
2
3
2
21
4
16
11
8
6
3
6
8
5
2
5
4
2
2
2
2
5
10
3
14
4
6
6
4
3
4
13
11
5
3
4
22
9
9
3
3
5
5
4
2
3
3
3
3
2
5
11
4
6
5
9
2
2
3
5
2
2
3
9
5
8
6
9
6
8
2
2
2
6
3
2
2
2
5
2
2
1
2
3
3
1
2
2
8
2
19
3
14
22
28
13
4
7
5
16
31
33
49
30
7
11
3
1
4
2
2
2
9
2
1
7
2
2
2
1
1
1
2
1
1
4
2
2
2
2
7
2
2
2
2
1
1
2
1
12
12
10
8
4
3
2
8
5
13
9
34
2
1
2
2
1
2
1
1
2
1
12
7
2
2
1
2
2
1
1
2
1
2
11
20
2
8
4
34
21
7
11
5
2
2
16
7
2
3
2
6
2
2
1
1
2
1
15
13
8
2
3
6
28
4
11
2
3
7
1
5
6
5
2
2
4
3
2
2
2
2
7
2
2
1
4
3
2
10
4
10
6
6
3
1
1
2
2
2
9
2
1
1
10
2
18
5
7
2
1
1
3
10
48
7
52
7
10
3
2
14
12
6
14
14
12
2
4
3
4
13
3
8
2
3
5
4
4
3
3
4
2
2
2
5
2
2
3
5
3
2
3
7
3
2
1
8
2
2
2
8
2
3
7
2
2
2
9
3
1
2
5
3
2
8
9
11
2
2
4
4
2
2
2
8
2
3
24
15
23
4
2
2
1
1
1
7
3
4
3
3
5
19
18
20
2
1
2
2
2
2
2
7
3
1
2
5
3
1
2
2
1
1
6
4
11
4
9
3
3
4
3
2
2
3
7
18
12
3
3
9
18
17
10
54
32
3
2
6
3
3
2
5
2
2
7
3
2
4
5
3
2
2
9
17
11
3
2
1
1
6
1
2
3
8
7
30
11
15
7
7
9
4
3
4
9
3
4
3
2
2
2
2
3
2
1
4
2
3
2
2
2
2
3
3
2
4
3
3
2
2
2
3
2
2
4
2
4
2
5
2
1
2
2
3
2
5
43
15
2
2
2
2
2
2
3
3
9
2
1
1
1
2
2
3
2
3
3
3
7
3
6
3
3
3
2
3
3
3
6
5
4
5
9
8
2
2
5
1
1
2
1
3
5
1
1
1
1
1
12
1
2
2
1
19
2
5
5
3
7
3
2
1
2
2
2
2
1
1
6
2
1
1
1
6
2
1
2
10
2
2
1
2
5
1
4
10
1
2
1
1
8
3
2
2
4
3
2
2
2
6
14
4
2
2
2
7
3
2
7
2
1
1
1
2
2
8
2
2
2
1
3
2
2
1
2
4
2
4
2
4
14
29
31
37
15
11
3
2
3
3
1
2
16
2
36
48
14
2
2
1
1
2
1
2
1
1
1
1
16
2
1
2
2
1
18
1
1
1
1
7
1
2
3
23
2
1
2
1
4
2
2
2
2
2
3
1
2
2
7
14
9
1
1
1
10
1
1
1
10
2
9
2
2
1
1
11
2
2
1
9
1
10
1
2
1
19
11
16
11
10
10
10
11
5
1
2
1
3
1
1
9
2
1
2
17
9
6
2
1
2
2
1
2
2
13
10
11
8
10
10
9
1
2
2
1
1
3
2
1
2
1
3
2
2
2
10
1
2
1
2
2
22
9
5
2
1
1
1
1
2
2
2
1
3
1
1
2
27
18
2
2
2
4
2
2
7
2
2
2
1
4
5
15
10
6
2
6
2
2
1
3
3
23
2
2
7
2
2
2
1
5
2
3
1
6
13
9
10
6
10
9
9
11
10
9
10
9
9
9
11
10
16
11
3
13
10
11
12
4
10
1
2
1
2
2
14
15
28
2
4
5
2
2
2
3
2
4
8
2
3
5
2
3
8
2
2
9
19
2
32
23
9
7
6
6
3
2
3
2
2
3
3
24
2
2
2
25
2
2
2
5
2
29
10
1
2
5
7
47
3
9
2
2
2
3
3
2
2
2
6
3
2
8
7
31
11
11
6
9
4
10
3
3
8
33
15
2
2
2
6
2
2
1
1
2
3
2
2
2
5
4
2
2
8
2
3
2
3
12
10
2
1
2
5
3
2
2
9
35
2
2
2
3
3
3
2
10
6
11
3
2
12
2
4
7
2
2
3
7
3
3
7
2
6
9
5
8
