37
1
1
1
1
1
1
1
1
1
1
2
2
2
2
2
2
2
2
7
2
1
1
1
1
2
8
8
7
28
4
1
2
2
1
6
2
1
2
1
1
1
1
1
1
1
1
4
7
1
2
2
1
1
1
1
1
1
1
1
5
2
1
1
1
1
5
2
1
2
17
26
22
25
17
17
13
9
8
7
8
7
26
1
1
1
1
1
1
1
1
1
1
1
1
1
4
1
1
1
1
1
1
9
7
1
1
2
2
1
1
2
2
1
1
1
1
1
1
1
1
2
1
2
2
10
1
1
3
1
1
2
2
2
2
1
2
2
2
1
2
2
1
2
2
2
1
2
2
2
1
2
2
4
2
1
1
2
1
1
2
1
1
2
1
10
10
7
9
9
7
2
1
1
3
1
2
2
1
1
2
2
2
2
1
2
2
1
2
2
2
2
2
2
2
1
2
1
2
2
1
2
2
1
1
1
2
2
2
2
2
1
2
2
2
2
2
8
10
2
2
2
1
1
3
1
2
1
1
2
1
2
2
2
2
2
4
2
2
2
2
1
2
2
2
2
1
2
2
1
2
2
2
2
2
2
2
2
1
2
1
2
2
2
2
1
1
2
2
1
3
2
2
2
2
2
1
2
2
2
2
2
2
2
1
2
2
2
2
2
2
2
2
2
2
2
1
2
1
2
2
2
1
2
10
2
2
8
10
7
8
8
6
1
1
1
1
1
1
1
1
7
1
1
1
1
6
1
1
1
1
1
8
62
2
1
1
1
1
1
1
1
1
1
7
13
8
7
9
49
22
10
9
8
8
7
1
1
1
1
1
1
1
1
1
1
1
1
1
3
1
1
1
1
1
1
1
4
1
1
4
2
2
1
1
1
1
1
1
2
2
2
17
2
2
2
2
1
2
2
2
2
1
1
2
1
1
4
1
2
1
1
1
1
2
7
13
2
1
1
2
1
1
1
1
1
1
2
1
1
2
2
2
2
1
2
1
1
2
1
2
2
1
2
2
2
4
9
2
2
2
2
2
2
2
3
2
1
1
1
1
1
11
9
8
5
1
1
1
1
1
1
15
1
1
1
1
1
9
7
5
1
1
1
1
1
1
1
1
1
1
8
9
1
1
2
1
1
3
2
1
1
2
1
2
8
1
1
1
1
1
1
1
4
2
1
1
3
2
2
2
2
2
2
2
2
1
2
2
1
2
1
1
1
2
1
1
1
1
1
1
1
1
1
2
2
1
1
2
2
1
2
2
1
2
2
2
2
2
2
1
1
2
1
1
2
1
1
2
2
1
2
3
1
1
1
1
1
1
1
1
1
1
1
1
7
1
1
1
2
1
1
2
1
6
1
2
1
2
1
5
1
1
1
1
1
5
1
1
1
1
4
1
1
4
1
1
1
1
1
1
4
1
1
1
1
1
7
2
1
1
1
1
10
26
12
11
16
4
1
1
1
1
1
1
13
7
5
1
1
1
1
1
1
2
1
7
8
7
8
10
7
10
7
9
7
8
5
9
1
10
7
1
1
1
1
1
1
1
1
1
1
1
2
1
2
2
1
2
2
1
2
2
1
3
3
4
2
3
2
4
2
2
11
2
2
2
1
2
2
2
1
2
2
1
2
2
1
2
1
1
3
1
2
1
2
2
2
10
1
2
1
2
1
1
2
2
2
1
2
1
2
1
10
1
2
1
1
1
1
1
1
1
1
2
2
8
4
1
1
2
1
1
2
3
3
2
2
2
2
2
1
1
2
1
2
4
1
1
2
1
2
2
6
1
3
2
2
2
1
2
2
1
2
1
1
2
1
1
2
2
2
6
1
1
2
2
1
2
2
2
3
1
1
2
2
5
1
1
2
3
2
2
2
1
2
2
2
4
2
2
2
1
2
2
1
2
2
1
2
2
1
2
2
2
2
3
2
2
2
6
4
1
2
2
2
2
2
1
2
1
2
2
1
2
2
1
2
2
1
2
1
2
2
3
1
2
1
1
2
2
6
1
2
1
12
1
1
1
1
1
15
13
8
8
7
9
1
1
1
1
1
1
2
1
1
1
1
5
7
9
18
1
1
1
1
1
1
1
12
10
5
4
1
1
1
1
1
1
1
1
1
7
1
1
1
1
1
4
1
1
1
1
1
1
10
7
8
8
9
7
8
7
8
1
1
1
1
1
1
1
1
1
1
1
1
1
1
5
1
1
1
1
1
1
5
1
1
1
1
10
8
8
10
7
10
8
8
8
9
8
8
8
8
8
10
8
8
9
8
