8
51
43
46
46
47
53
58
58
47
46
49
61
67
52
48
59
46
47
61
62
58
48
61
63
58
62
59
63
56
46
48
69
52
49
59
59
48
57
52
60
59
67
58
73
51
60
64
44
49
46
64
59
47
45
47
48
61
59
48
45
48
59
44
46
46
48
60
44
49
57
48
48
60
57
45
45
45
48
61
60
61
46
46
61
48
58
45
47
46
46
45
46
46
64
58
45
47
61
50
57
47
60
60
43
48
45
46
62
46
61
45
47
46
59
47
47
47
58
45
48
61
61
46
61
46
53
86
62
63
76
58
48
59
48
47
60
48
58
45
44
46
45
49
45
44
48
45
52
55
62
60
47
44
47
62
58
48
62
61
58
58
49
46
44
48
58
46
48
47
59
46
44
46
46
48
62
47
63
60
46
58
52
60
60
62
47
62
58
47
60
48
60
59
47
49
58
65
57
46
60
49
59
44
48
60
46
46
60
61
45
49
44
47
65
57
46
46
48
60
60
61
47
46
61
60
50
63
61
61
57
49
64
58
47
61
45
47
53
55
51
57
51
59
46
45
45
48
49
57
46
48
60
45
46
49
58
47
48
57
45
49
66
54
62
60
46
45
48
60
47
61
46
45
47
45
53
55
46
47
61
61
46
45
45
44
47
47
62
59
48
59
61
62
60
49
58
61
65
56
47
58
49
60
44
47
64
59
62
59
61
49
57
45
49
58
46
48
60
59
44
60
48
48
61
90
64
58
73
67
64
58
44
51
58
45
45
46
48
61
50
55
45
46
45
49
59
49
58
47
60
47
47
59
49
68
54
45
48
49
58
54
51
45
49
60
45
47
49
57
48
46
60
47
49
56
46
51
58
45
66
56
67
56
58
48
59
45
52
58
44
47
50
56
47
48
61
46
60
49
59
46
44
57
50
47
61
49
55
50
59
45
47
43
50
46
60
47
45
45
48
60
61
45
47
54
54
49
60
44
47
46
46
47
53
54
48
60
49
45
48
46
59
46
46
44
47
51
55
45
49
45
47
60
59
47
48
63
60
61
44
47
46
46
46
46
44
46
47
43
51
60
62
63
58
49
59
52
58
50
57
44
48
48
61
45
59
45
46
57
51
48
60
46
61
45
46
50
57
49
58
61
61
47
60
61
49
58
52
55
44
48
48
60
61
45
47
45
46
45
47
52
59
59
45
46
47
46
48
59
45
47
58
46
48
58
53
55
47
60
48
58
45
47
61
46
60
47
61
46
59
46
46
45
48
46
46
46
46
50
62
56
51
56
46
48
47
58
49
57
45
45
51
59
52
55
45
46
46
46
44
47
47
46
45
50
57
50
61
61
44
48
48
57
48
60
56
50
46
47
44
51
56
47
49
59
60
46
49
57
44
57
53
62
60
45
47
62
62
62
57
50
59
47
63
59
61
46
48
63
58
46
59
50
48
57
48
51
57
48
48
43
50
59
44
48
63
61
58
47
63
59
45
48
61
62
57
49
59
45
45
49
60
60
46
46
47
47
60
59
46
45
46
47
82
55
47
49
61
58
62
46
59
60
47
44
49
45
47
49
59
46
49
58
69
56
59
61
67
55
46
44
45
54
51
45
47
47
43
50
57
49
45
49
57
47
59
51
56
45
50
61
57
45
46
46
45
47
51
61
59
61
64
47
61
61
48
60
61
45
45
48
45
48
66
57
45
46
47
47
64
60
59
49
58
60
51
56
62
45
46
47
65
58
65
57
60
49
63
58
46
46
47
61
62
60
45
60
47
64
56
52
57
45
47
63
58
50
56
46
44
53
56
44
48
47
46
48
59
48
48
66
57
46
45
45
47
48
60
44
47
49
59
47
48
62
62
63
57
46
46
48
59
50
57
62
46
61
46
47
61
42
47
48
59
45
48
44
46
50
65
55
49
60
65
56
46
48
59
47
43
47
44
47
45
50
61
60
65
58
45
48
59
45
46
47
48
59
46
61
47
59
61
62
58
52
56
46
46
46
59
51
55
46
46
46
51
59
57
46
46
46
46
46
45
48
45
49
62
59
61
52
53
45
47
45
46
48
63
58
58
48
49
58
59
46
45
46
47
65
57
50
62
57
45
61
48
58
56
50
48
59
46
46
45
44
47
49
65
56
49
58
45
48
46
60
62
64
58
48
56
47
49
58
45
48
48
59
46
65
59
63
60
62
61
59
47
46
44
50
60
58
49
46
45
48
47
70
88
59
60
46
61
50
57
47
45
45
60
47
67
56
49
57
49
64
58
61
46
45
