7
48
49
67
51
48
63
68
51
47
50
62
63
62
59
62
45
48
59
46
46
49
63
57
62
64
63
84
49
45
46
47
45
50
58
63
65
58
61
59
49
59
60
45
46
69
64
52
47
45
48
59
60
50
56
48
59
47
46
48
60
60
63
59
44
49
68
53
48
47
62
59
61
61
44
45
49
62
63
57
48
59
45
48
58
52
55
57
51
45
45
51
57
46
46
55
52
49
56
46
47
60
61
45
48
60
45
48
69
54
59
46
47
62
64
59
63
59
61
45
47
46
45
47
47
63
57
63
59
64
61
58
62
59
46
46
46
48
66
54
60
46
47
50
60
61
58
49
60
60
46
48
60
50
58
61
44
48
44
50
66
71
43
49
59
59
49
59
53
56
63
62
59
45
51
57
48
47
63
60
45
44
46
48
60
46
48
57
46
46
45
52
59
61
46
45
49
65
60
48
59
45
47
45
46
62
59
45
46
47
61
48
59
61
46
45
46
47
45
51
61
58
47
47
46
63
65
57
46
45
65
58
49
59
47
60
46
47
48
60
49
60
47
60
71
53
62
48
59
60
45
52
57
59
49
63
59
47
60
45
51
58
48
62
58
47
45
45
52
56
47
46
61
46
48
61
59
47
47
60
63
60
61
62
46
46
47
48
58
46
47
59
51
60
61
45
47
46
86
53
63
61
63
60
61
61
61
47
47
45
44
47
46
46
61
60
47
64
61
58
48
60
60
44
48
46
66
54
48
59
45
46
51
59
63
60
60
47
59
47
48
58
45
53
52
47
54
54
45
45
49
65
55
53
58
59
64
57
48
59
47
59
50
58
50
62
60
46
50
61
60
47
46
52
57
60
61
47
45
49
58
47
60
46
45
48
44
47
45
48
63
61
56
50
56
47
60
49
45
49
59
45
46
48
46
64
57
46
46
46
61
59
47
47
44
50
58
45
45
53
56
44
48
60
60
45
60
48
46
61
45
60
62
61
46
46
67
55
46
44
71
84
58
45
50
57
46
49
59
46
46
60
46
47
46
44
50
59
45
50
58
50
58
46
47
62
58
47
44
52
57
61
63
59
44
48
61
54
57
57
49
61
47
59
45
71
53
65
60
62
61
59
46
44
47
48
45
47
58
52
60
61
56
47
45
46
67
55
47
63
58
48
44
47
45
59
52
59
58
47
60
47
59
54
54
45
54
55
60
48
59
47
46
46
46
47
58
49
63
64
58
46
61
48
70
50
63
60
62
61
60
62
57
51
56
43
48
64
58
44
44
49
45
46
46
47
49
65
59
60
46
46
46
47
44
51
58
61
46
45
46
49
56
50
59
59
48
66
56
48
59
45
65
62
57
48
59
46
64
70
48
61
46
62
61
62
63
58
46
44
49
60
50
61
56
48
45
47
64
62
59
66
52
48
59
45
48
47
50
58
45
52
56
49
57
44
47
49
58
53
56
60
46
47
66
73
60
59
46
68
59
58
47
46
48
59
46
49
57
44
52
57
61
48
60
63
58
62
63
57
46
46
60
44
52
57
46
45
47
47
70
52
47
61
61
47
60
58
49
60
46
46
58
47
49
61
46
46
48
63
55
54
53
59
64
61
57
47
47
58
48
59
49
61
48
60
61
62
73
51
79
61
55
50
60
61
46
46
50
59
60
46
45
46
47
60
47
61
60
59
53
63
59
46
45
46
48
63
56
46
46
59
49
46
47
48
59
60
64
66
62
56
48
58
47
47
45
46
46
48
47
58
49
47
60
46
48
47
59
48
66
54
63
61
61
59
45
46
49
61
58
47
46
44
48
51
55
46
63
62
61
44
51
56
63
58
46
61
46
61
59
47
60
67
56
60
48
62
46
44
49
61
62
59
62
60
46
59
48
62
62
56
46
67
57
59
61
48
59
46
45
48
58
52
54
47
61
59
46
46
67
59
60
46
64
59
59
46
49
60
62
72
49
53
55
45
46
48
59
45
47
46
46
47
45
61
46
49
58
46
47
59
48
68
55
45
48
63
57
46
60
45
61
45
48
48
59
49
60
59
47
45
46
48
62
59
48
59
46
47
47
61
44
51
59
47
46
48
77
61
45
46
48
43
49
59
48
46
45
47
48
58
52
58
44
50
58
47
62
62
62
59
47
45
43
55
52
49
61
60
62
61
67
56
44
53
55
47
49
58
44
55
55
46
63
57
48
58
48
59
47
70
56
58
48
62
60
60
64
57
48
61
45
48
60
50
57
44
51
60
51
57
59
48
44
47
61
48
45
50
