56
43
50
53
46
47
46
47
59
49
60
60
51
57
63
57
53
58
61
62
58
47
62
64
58
62
62
63
61
60
48
65
59
63
58
47
47
62
63
57
47
61
61
61
61
60
45
55
55
59
47
46
59
50
62
60
47
44
54
58
47
57
46
49
49
57
45
45
52
58
63
63
64
61
58
61
61
47
60
44
46
47
45
50
59
62
63
60
63
60
84
59
73
45
49
59
64
56
48
61
44
48
47
61
46
49
58
47
60
46
47
46
50
58
59
45
47
62
62
66
59
58
62
59
48
59
47
60
45
49
63
61
64
59
60
45
45
47
59
61
46
47
61
60
62
44
53
57
46
45
48
60
49
58
48
47
61
60
47
62
67
53
45
51
65
54
48
45
46
49
59
62
66
61
58
67
55
49
59
61
47
64
59
59
51
56
46
47
46
47
46
51
62
55
46
46
47
47
83
83
51
58
46
49
57
44
49
46
60
50
57
53
58
59
46
47
49
57
48
45
49
60
48
60
48
59
67
55
45
47
47
46
67
59
61
58
63
61
57
46
48
87
51
44
45
53
56
50
60
50
62
59
51
56
46
46
47
47
47
49
48
44
45
50
64
64
56
57
50
59
47
44
45
49
60
61
49
65
57
49
46
60
48
47
61
45
49
60
45
48
58
47
48
64
61
60
61
60
46
47
61
48
57
48
46
47
64
56
62
59
46
47
47
60
44
57
54
61
57
51
57
46
48
61
60
61
43
48
46
49
57
51
58
47
77
63
64
57
44
47
49
57
48
46
48
61
48
45
47
46
46
46
46
47
59
50
70
49
48
59
50
58
59
64
61
45
52
63
51
49
57
51
58
45
44
47
46
73
53
46
62
46
92
67
60
63
56
44
47
46
56
55
59
51
57
47
55
51
45
54
55
46
47
50
56
51
56
45
46
50
58
49
59
46
47
46
45
47
61
51
58
46
50
57
63
46
46
52
56
48
66
56
59
47
48
50
61
58
47
49
58
48
51
56
45
47
49
57
49
64
57
54
56
60
45
44
51
60
61
59
46
47
48
48
46
62
59
46
46
45
47
48
61
51
59
49
57
45
45
50
61
61
75
52
58
45
46
48
47
60
46
47
46
61
47
60
48
59
53
56
46
59
47
49
61
62
57
50
60
46
45
50
56
47
49
58
49
61
45
47
47
61
47
47
50
59
62
63
62
56
49
58
46
48
59
47
63
61
61
61
44
47
47
47
64
61
59
53
52
48
46
45
50
58
47
49
59
61
61
72
50
46
57
52
49
58
48
59
48
60
46
47
45
49
45
47
61
46
48
60
63
57
48
49
59
57
47
48
46
47
58
48
63
55
50
62
60
48
62
60
59
45
62
51
58
58
44
51
57
49
62
56
51
62
59
47
47
49
57
45
47
46
59
45
51
58
46
62
60
47
60
54
55
58
44
49
44
46
50
64
57
46
48
61
60
50
60
63
65
57
46
46
44
47
47
47
59
60
49
58
49
60
61
65
60
79
62
59
57
47
49
59
49
45
46
47
60
62
47
60
63
62
61
61
64
58
46
45
45
48
46
44
46
48
61
61
61
45
47
46
58
49
45
47
61
51
58
61
62
60
61
46
47
59
46
46
46
47
48
59
46
49
59
45
47
46
67
56
50
58
46
44
49
46
44
51
63
56
47
50
58
46
48
59
45
48
58
59
52
58
49
64
56
49
57
45
48
52
57
56
51
48
60
70
51
47
46
64
60
47
59
50
69
51
50
58
49
60
46
60
48
48
61
59
49
57
50
65
54
49
58
62
62
59
48
46
65
59
48
60
44
47
49
59
60
54
55
60
50
48
45
45
47
50
59
45
47
61
64
62
56
44
50
61
60
59
46
50
63
57
49
60
60
45
61
47
49
59
44
46
49
46
47
47
68
110
71
60
63
56
47
46
59
46
47
46
44
50
64
58
64
60
57
49
59
49
58
47
48
64
57
46
48
61
60
47
62
59
46
47
62
60
50
58
64
62
60
72
50
50
59
48
58
49
66
53
48
60
45
48
58
48
45
51
61
58
44
48
47
46
49
58
63
56
47
49
57
45
50
57
47
46
61
46
47
60
46
48
62
65
60
61
58
45
47
60
46
48
59
65
60
60
63
59
62
61
57
46
53
56
49
59
46
63
60
48
59
47
68
58
60
58
45
48
47
47
66
54
60
51
47
58
47
67
56
49
61
45
48
50
57
47
59
53
56
60
59
45
51
59
63
58
45
51
62
57
54
53
46
47
